type	latitude	longitude	altitude (m)	color	opacity	width	name	desc	kml_folder
T	31.337687729	121.222235477	5.3	#00ffff	1.00	4	RightBoundary	Shifted 8 m right of center	rightBoundary_new.kml
T	31.336837528	121.217995213	0.0						
T	31.336774640	121.217682558	0.6						
T	31.336708194	121.217358804	1.9						
T	31.336695691	121.217286437	1.9						
T	31.336691683	121.217261105	1.9						
T	31.336688797	121.217233147	1.9						
T	31.336687514	121.217195807	1.9						
T	31.336686193	121.217152523	1.9						
T	31.336687474	121.217106176	1.9						
T	31.336688938	121.217072868	1.9						
T	31.336692818	121.217028332	1.9						
T	31.336698212	121.216982813	1.9						
T	31.336705315	121.216939918	1.9						
T	31.336715622	121.216894740	1.8						
T	31.336728437	121.216845158	1.8						
T	31.336743914	121.216792921	1.7						
T	31.336765048	121.216738354	1.6						
T	31.336792319	121.216678807	1.5						
T	31.336816054	121.216636358	1.6						
T	31.336843390	121.216589883	1.8						
T	31.336873815	121.216545232	2.0						
T	31.336907466	121.216502131	2.2						
T	31.336933639	121.216471114	2.4						
T	31.336966585	121.216436508	2.6						
T	31.336989480	121.216414740	2.7						
T	31.337013342	121.216391906	2.7						
T	31.337051024	121.216360235	2.7						
T	31.337076056	121.216342790	2.6						
T	31.337104158	121.216324494	2.6						
T	31.337130050	121.216309355	2.5						
T	31.337149591	121.216297914	2.5						
T	31.337180103	121.216282840	2.5						
T	31.337203097	121.216272162	2.5						
T	31.337232952	121.216259958	2.5						
T	31.337260019	121.216250633	2.5						
T	31.337290497	121.216241695	2.5						
T	31.337313490	121.216236943	2.5						
T	31.337340678	121.216231731	2.6						
T	31.337365542	121.216227771	2.6						
T	31.337391144	121.216224602	2.6						
T	31.337411954	121.216222904	2.6						
T	31.337442924	121.216221432	2.6						
T	31.337467846	121.216221092	2.6						
T	31.337498761	121.216222673	2.6						
T	31.337524372	121.216225527	2.6						
T	31.337556616	121.216230602	2.7						
T	31.337582079	121.216235548	2.7						
T	31.337614334	121.216242836	2.7						
T	31.337641085	121.216250906	2.7						
T	31.337671834	121.216261969	2.7						
T	31.337697186	121.216272382	2.7						
T	31.337722372	121.216282925	2.7						
T	31.337750410	121.216297358	2.6						
T	31.337776567	121.216312914	2.5						
T	31.337802229	121.216330749	2.4						
T	31.337824671	121.216349159	2.3						
T	31.337849356	121.216373371	2.1						
T	31.337873381	121.216400860	1.9						
T	31.337895977	121.216431609	1.7						
T	31.337916454	121.216462525	1.5						
T	31.337932490	121.216492725	1.3						
T	31.337944937	121.216520105	1.1						
T	31.337957188	121.216551005	0.8						
T	31.337967049	121.216582721	0.6						
T	31.337973544	121.216612947	0.4						
T	31.337978923	121.216638483	0.2						
T	31.337982949	121.216668002	-0.0						
T	31.337985248	121.216693726	-0.1						
T	31.337987432	121.216722456	-0.2						
T	31.337988488	121.216755102	-0.3						
T	31.337988829	121.216778033	-0.4						
T	31.337987435	121.216802520	-0.5						
T	31.337984349	121.216829633	-0.6						
T	31.337979968	121.216856685	-0.7						
T	31.337973382	121.216885687	-0.8						
T	31.337965416	121.216911923	-0.9						
T	31.337957098	121.216935427	-1.0						
T	31.337945820	121.216959895	-1.0						
T	31.337935563	121.216978902	-0.9						
T	31.337925504	121.216996277	-0.9						
T	31.337912956	121.217011552	-0.9						
T	31.337898380	121.217027629	-0.8						
T	31.337885012	121.217040497	-0.8						
T	31.337868978	121.217053907	-0.7						
T	31.337856034	121.217062621	-0.7						
T	31.337837610	121.217072300	-0.6						
T	31.337813161	121.217081879	-0.6						
T	31.337792487	121.217085961	-0.5						
T	31.337770979	121.217088411	-0.5						
T	31.337746768	121.217088528	-0.4						
T	31.337726152	121.217087014	-0.4						
T	31.337703479	121.217082350	-0.4						
T	31.337682365	121.217076638	-0.3						
T	31.337663207	121.217070575	-0.3						
T	31.337643587	121.217064629	-0.3						
T	31.337616177	121.217054711	-0.3						
T	31.337601039	121.217048182	-0.2						
T	31.337585502	121.217041187	-0.2						
T	31.337566613	121.217032404	-0.2						
T	31.337544358	121.217020488	-0.1						
T	31.337523131	121.217010026	-0.1						
T	31.337502153	121.217001307	-0.0						
T	31.337486140	121.216994477	0.0						
T	31.337470291	121.216987647	0.0						
T	31.337460236	121.216984451	0.0						
T	31.337448568	121.216981399	0.0						
T	31.337438886	121.216979220	0.0						
T	31.337430398	121.216977302	0.0						
T	31.337420374	121.216975433	0.0						
T	31.337409019	121.216974291	0.0						
T	31.337393671	121.216973149	0.0						
T	31.337380199	121.216972839	0.0						
T	31.337364142	121.216973566	0.1						
T	31.337348795	121.216975437	0.1						
T	31.337332617	121.216977419	0.1						
T	31.337315601	121.216981219	0.1						
T	31.337298780	121.216985838	0.1						
T	31.337279871	121.216992222	0.1						
T	31.337262993	121.216998607	0.2						
T	31.337248028	121.217005534	0.2						
T	31.337229007	121.217015314	0.2						
T	31.337209518	121.217026588	0.3						
T	31.337188392	121.217041717	0.4						
T	31.337168071	121.217059070	0.5						
T	31.337148972	121.217077676	0.6						
T	31.337131859	121.217095745	0.7						
T	31.337115816	121.217115782	0.8						
T	31.337098800	121.217139197	0.8						
T	31.337082452	121.217164422	0.9						
T	31.337067479	121.217191435	1.0						
T	31.337054339	121.217221490	1.0						
T	31.337043105	121.217252495	1.0						
T	31.337035465	121.217284486	1.0						
T	31.337027996	121.217318619	1.0						
T	31.337023398	121.217355968	1.0						
T	31.337022024	121.217395325	1.0						
T	31.337023553	121.217434828	1.0						
T	31.337029361	121.217475795	1.0						
T	31.337038530	121.217514972	0.9						
T	31.337052023	121.217554630	0.8						
T	31.337068065	121.217589686	0.7						
T	31.337081166	121.217615978	0.6						
T	31.337097173	121.217643486	0.5						
T	31.337115401	121.217665452	0.4						
T	31.337133238	121.217684948	0.3						
T	31.337146609	121.217698166	0.3						
T	31.337156301	121.217707113	0.3						
T	31.337168030	121.217717463	0.2						
T	31.337183381	121.217729279	0.2						
T	31.337216122	121.217755608	0.1						
T	31.337255759	121.217784274	0.0						
T	31.337301023	121.217814927	0.0						
T	31.337357683	121.217850098	0.1						
T	31.337396716	121.217872476	0.2						
T	31.337445413	121.217896189	0.3						
T	31.337494048	121.217917159	0.5						
T	31.337530210	121.217929905	0.6						
T	31.337557089	121.217938824	0.7						
T	31.337579145	121.217945397	0.7						
T	31.337599597	121.217950874	0.8						
T	31.337627402	121.217956350	0.8						
T	31.337652824	121.217959166	0.8						
T	31.337684964	121.217959948	0.9						
T	31.337713433	121.217961042	0.9						
T	31.337739633	121.217961667	1.0						
T	31.337764323	121.217961666	1.0						
T	31.337787849	121.217961039	1.0						
T	31.337817220	121.217958688	1.1						
T	31.337843328	121.217955403	1.2						
T	31.337869126	121.217951333	1.2						
T	31.337894841	121.217946011	1.3						
T	31.337914491	121.217940689	1.3						
T	31.337937082	121.217932863	1.3						
T	31.337952940	121.217927697	1.3						
T	31.337971581	121.217919608	1.4						
T	31.337996943	121.217908312	1.4						
T	31.338019763	121.217896459	1.4						
T	31.338038462	121.217886418	1.4						
T	31.338061472	121.217873027	1.3						
T	31.338079814	121.217861173	1.3						
T	31.338104704	121.217843741	1.2						
T	31.338118621	121.217832678	1.2						
T	31.338130174	121.217823196	1.2						
T	31.338142648	121.217812750	1.1						
T	31.338156913	121.217800407	1.1						
T	31.338171031	121.217787722	1.0						
T	31.338186815	121.217772360	1.0						
T	31.338202621	121.217755959	0.8						
T	31.338215427	121.217742116	0.7						
T	31.338246972	121.217709256	0.5						
T	31.338292667	121.217661423	0.2						
T	31.338365399	121.217587576	-0.2						
T	31.338408183	121.217543182	-0.2						
T	31.338471308	121.217479702	0.1						
T	31.338525223	121.217428384	0.6						
T	31.338601430	121.217353423	1.5						
T	31.338658031	121.217297388	1.9						
T	31.338791803	121.217166034	2.9						
T	31.338857476	121.217098408	3.3						
T	31.339037794	121.216912138	3.9						
T	31.339141831	121.216800782	3.5						
T	31.339258794	121.216677072	3.0						
T	31.339435936	121.216491777	2.4						
T	31.339750247	121.216168357	2.9						
T	31.339838692	121.216078335	2.6						
T	31.339930403	121.215981408	2.3						
T	31.339997151	121.215915336	2.0						
T	31.340033869	121.215881550	2.0						
T	31.340066197	121.215854918	2.0						
T	31.340092685	121.215835360	2.0						
T	31.340114718	121.215819161	2.1						
T	31.340131540	121.215807343	2.1						
T	31.340149343	121.215797002	2.1						
T	31.340170378	121.215784451	2.2						
T	31.340187200	121.215776079	2.2						
T	31.340202018	121.215768691	2.2						
T	31.340219714	121.215759959	2.3						
T	31.340239095	121.215750849	2.3						
T	31.340276936	121.215733718	2.4						
T	31.340318003	121.215716729	2.5						
T	31.340485033	121.215653385	2.9						
T	31.340862956	121.215501286	3.1						
T	31.340951225	121.215465609	2.9						
T	31.341004816	121.215443472	2.8						
T	31.341243561	121.215345157	2.3						
T	31.341402666	121.215279922	2.0						
T	31.341594225	121.215204504	2.0						
T	31.341776580	121.215132610	2.4						
T	31.341926445	121.215076289	2.9						
T	31.341989444	121.215050583	3.1						
T	31.342031916	121.215036044	3.3						
T	31.342042817	121.215034551	3.3						
T	31.342051396	121.215034537	3.3						
T	31.342061763	121.215035142	3.4						
T	31.342073917	121.215037776	3.4						
T	31.342087854	121.215043376	3.4						
T	31.342101140	121.215050818	3.5						
T	31.342112860	121.215059089	3.5						
T	31.342121507	121.215066521	3.5						
T	31.342128365	121.215073686	3.5						
T	31.342135156	121.215082423	3.5						
T	31.342140828	121.215091419	3.5						
T	31.342145032	121.215099101	3.5						
T	31.342148915	121.215107344	3.5						
T	31.342152319	121.215115698	3.4						
T	31.342155047	121.215126931	3.4						
T	31.342157293	121.215138762	3.4						
T	31.342158595	121.215152681	3.3						
T	31.342158792	121.215170842	3.3						
T	31.342157001	121.215185180	3.3						
T	31.342153738	121.215201002	3.2						
T	31.342148992	121.215217619	3.2						
T	31.342143333	121.215233358	3.1						
T	31.342137463	121.215248341	3.1						
T	31.342130257	121.215264535	3.0						
T	31.342124303	121.215276740	3.0						
T	31.342117398	121.215290608	3.0						
T	31.342108412	121.215307691	3.0						
T	31.342098158	121.215326760	3.0						
T	31.342082629	121.215354189	3.0						
T	31.342063838	121.215385192	3.0						
T	31.342039725	121.215427222	3.0						
T	31.342008147	121.215479131	3.0						
T	31.341970170	121.215537778	3.0						
T	31.341924855	121.215602965	2.9						
T	31.341864116	121.215683017	2.7						
T	31.341804235	121.215755420	2.5						
T	31.341749727	121.215814716	2.3						
T	31.341695991	121.215869725	2.1						
T	31.341648089	121.215916007	1.9						
T	31.341602129	121.215958893	1.8						
T	31.341569763	121.215986927	1.7						
T	31.341505298	121.216039398	1.4						
T	31.341438070	121.216089964	1.2						
T	31.341360580	121.216145470	1.2						
T	31.341263218	121.216210897	1.5						
T	31.341185513	121.216262898	1.5						
T	31.340818701	121.216504643	1.6						
T	31.340772602	121.216534007	1.7						
T	31.340682760	121.216590344	1.8						
T	31.340586836	121.216653859	1.9						
T	31.340496639	121.216717269	2.2						
T	31.340338225	121.216825238	2.3						
T	31.340239841	121.216893264	2.2						
T	31.340153994	121.216953216	2.0						
T	31.340065128	121.217015461	1.5						
T	31.340021815	121.217048017	1.3						
T	31.339986793	121.217073410	1.1						
T	31.339958093	121.217094884	1.0						
T	31.339927677	121.217119935	0.9						
T	31.339901596	121.217143251	0.8						
T	31.339875995	121.217167186	0.8						
T	31.339856371	121.217186518	0.7						
T	31.339839300	121.217203941	0.7						
T	31.339820959	121.217223586	0.6						
T	31.339800846	121.217246692	0.7						
T	31.339780545	121.217271221	0.8						
T	31.339760961	121.217294497	0.9						
T	31.339739479	121.217322550	1.0						
T	31.339718635	121.217350218	1.0						
T	31.339694746	121.217385399	1.1						
T	31.339673846	121.217417180	1.2						
T	31.339652170	121.217455063	1.3						
T	31.339632339	121.217489357	1.3						
T	31.339615142	121.217522332	1.4						
T	31.339596955	121.217558498	1.5						
T	31.339583377	121.217586974	1.5						
T	31.339570858	121.217615059	1.5						
T	31.339557195	121.217647333	1.6						
T	31.339542156	121.217684202	1.6						
T	31.339528980	121.217721831	1.7						
T	31.339517014	121.217758804	1.7						
T	31.339508108	121.217785321	1.8						
T	31.339501227	121.217809757	1.9						
T	31.339491302	121.217847179	2.1						
T	31.339482843	121.217880944	2.2						
T	31.339474351	121.217919877	2.4						
T	31.339465836	121.217962037	2.6						
T	31.339460061	121.217998777	2.7						
T	31.339452945	121.218050446	3.0						
T	31.339448243	121.218092976	3.0						
T	31.339444090	121.218136838	3.0						
T	31.339442518	121.218178643	3.0						
T	31.339441136	121.218221154	3.0						
T	31.339441022	121.218260388	3.0						
T	31.339440751	121.218304351	3.0						
T	31.339442973	121.218350111	3.0						
T	31.339447970	121.218398719	3.0						
T	31.339452991	121.218443697	3.0						
T	31.339458877	121.218485973	3.0						
T	31.339467914	121.218539879	2.9						
T	31.339478168	121.218588027	2.9						
T	31.339489633	121.218637315	2.7						
T	31.339501628	121.218679209	2.4						
T	31.339515780	121.218726880	2.0						
T	31.339532691	121.218774512	1.7						
T	31.339551748	121.218821727	1.4						
T	31.339572111	121.218869057	1.1						
T	31.339590698	121.218909946	0.9						
T	31.339609162	121.218946899	0.8						
T	31.339630367	121.218986550	0.6						
T	31.339653124	121.219025277	0.5						
T	31.339675355	121.219060882	0.4						
T	31.339696643	121.219093345	0.3						
T	31.339711811	121.219115601	0.2						
T	31.339725416	121.219135356	0.1						
T	31.339738981	121.219153112	0.1						
T	31.339750570	121.219167979	0.1						
T	31.339760444	121.219180796	0.1						
T	31.339772420	121.219196248	0.2						
T	31.339784744	121.219211754	0.2						
T	31.339795877	121.219226418	0.3						
T	31.339814265	121.219248873	0.3						
T	31.339829552	121.219266053	0.4						
T	31.339846899	121.219284432	0.4						
T	31.339858326	121.219294052	0.5						
T	31.339873084	121.219308476	0.5						
T	31.339889483	121.219323563	0.6						
T	31.339908300	121.219339714	0.7						
T	31.339927904	121.219356185	0.7						
T	31.339944733	121.219369605	0.8						
T	31.339961822	121.219382900	0.9						
T	31.339978469	121.219395943	0.9						
T	31.339993730	121.219408034	1.0						
T	31.340006665	121.219417940	1.0						
T	31.340018989	121.219426769	1.1						
T	31.340031478	121.219435661	1.2						
T	31.340044530	121.219445540	1.3						
T	31.340057184	121.219454508	1.5						
T	31.340068027	121.219462175	1.6						
T	31.340083147	121.219472240	1.7						
T	31.340117466	121.219494612	2.1						
T	31.340153705	121.219516445	2.5						
T	31.340181325	121.219531768	2.8						
T	31.340260177	121.219576745	3.8						
T	31.340364787	121.219638457	5.0						
T	31.340500576	121.219717722	6.6						
T	31.340622175	121.219783674	6.9						
T	31.340744872	121.219848465	6.7						
T	31.340811595	121.219886802	6.5						
T	31.340850191	121.219912571	6.2						
T	31.340884945	121.219940476	5.9						
T	31.340925169	121.219976051	5.7						
T	31.340962182	121.220014188	5.5						
T	31.340981410	121.220035226	5.5						
T	31.341010192	121.220072127	5.4						
T	31.341034952	121.220109091	5.3						
T	31.341065009	121.220157549	5.2						
T	31.341084518	121.220197143	5.1						
T	31.341102613	121.220235726	5.0						
T	31.341120968	121.220287225	4.9						
T	31.341141691	121.220355887	4.5						
T	31.341152013	121.220400487	4.3						
T	31.341158984	121.220442675	4.2						
T	31.341161794	121.220466800	4.1						
T	31.341164376	121.220490693	4.0						
T	31.341165184	121.220530669	3.9						
T	31.341167078	121.220568638	3.7						
T	31.341166973	121.220607607	3.5						
T	31.341164555	121.220647505	3.2						
T	31.341158920	121.220692694	2.9						
T	31.341153277	121.220733820	2.7						
T	31.341145278	121.220770959	2.4						
T	31.341135530	121.220808766	2.2						
T	31.341125083	121.220844660	2.0						
T	31.341113297	121.220880668	2.0						
T	31.341099157	121.220917598	2.0						
T	31.341085501	121.220949828	2.1						
T	31.341065817	121.220989150	2.1						
T	31.341045068	121.221024860	2.1						
T	31.341021214	121.221061850	2.1						
T	31.340997056	121.221096830	2.0						
T	31.340971942	121.221128337	2.0						
T	31.340942763	121.221161932	2.1						
T	31.340909056	121.221196481	2.2						
T	31.340874600	121.221227905	2.4						
T	31.340836420	121.221259388	2.5						
T	31.340801758	121.221283472	2.8						
T	31.340786809	121.221293736	2.9						
T	31.340775233	121.221301629	3.0						
T	31.340764238	121.221309388	3.0						
T	31.340753128	121.221316908	3.1						
T	31.340734262	121.221328188	3.2						
T	31.340257430	121.221596033	3.7						
T	31.340213166	121.221622777	3.8						
T	31.340175381	121.221648521	3.9						
T	31.340144142	121.221675429	4.0						
T	31.340118659	121.221704714	3.9						
T	31.340097021	121.221733110	3.9						
T	31.340078515	121.221762760	3.9						
T	31.340062841	121.221795533	3.9						
T	31.340049765	121.221830043	3.9						
T	31.340040094	121.221864882	3.9						
T	31.340032944	121.221892624	3.9						
T	31.340028102	121.221919472	3.9						
T	31.340025217	121.221943349	3.9						
T	31.340022921	121.221964627	3.9						
T	31.340022361	121.221987904	3.9						
T	31.340023234	121.222011185	3.9						
T	31.340027081	121.222036238	3.9						
T	31.340031519	121.222059141	3.9						
T	31.340036948	121.222080396	3.9						
T	31.340042952	121.222102525	3.8						
T	31.340049508	121.222123443	3.8						
T	31.340059204	121.222148160	3.8						
T	31.340068171	121.222168866	3.8						
T	31.340078856	121.222190311	3.7						
T	31.340092083	121.222212643	3.7						
T	31.340106129	121.222233105	3.6						
T	31.340120063	121.222250098	3.6						
T	31.340141489	121.222273382	3.6						
T	31.340162688	121.222294685	3.5						
T	31.340184975	121.222315355	3.4						
T	31.340265777	121.222387451	3.1						
T	31.340357928	121.222470574	3.0						
T	31.340494347	121.222593310	3.0						
T	31.340547255	121.222639700	3.0						
T	31.340581567	121.222669165	3.1						
T	31.340612514	121.222694577	3.3						
T	31.340641962	121.222717774	3.5						
T	31.340660794	121.222729583	3.6						
T	31.340678429	121.222739796	3.8						
T	31.340698011	121.222750323	3.9						
T	31.340714844	121.222756861	4.1						
T	31.340734867	121.222763478	4.2						
T	31.340748278	121.222766272	4.3						
T	31.340763531	121.222767679	4.4						
T	31.340782808	121.222768511	4.6						
T	31.340805456	121.222769187	4.7						
T	31.340831236	121.222766864	4.9						
T	31.340855354	121.222763487	4.8						
T	31.340875039	121.222758311	4.7						
T	31.340897514	121.222751141	4.6						
T	31.340914079	121.222743666	4.5						
T	31.340932137	121.222734692	4.4						
T	31.340955700	121.222722737	4.3						
T	31.340976191	121.222708404	4.2						
T	31.341000498	121.222690680	4.1						
T	31.341046596	121.222657720	4.0						
T	31.341094515	121.222624553	4.0						
T	31.341179542	121.222568510	3.9						
T	31.341300252	121.222485015	3.9						
T	31.341454664	121.222375115	3.4						
T	31.341599721	121.222270900	3.0						
T	31.341881501	121.222064894	2.0						
T	31.342053314	121.221939696	1.4						
T	31.342234837	121.221808644	1.6						
T	31.342541115	121.221598572	2.3						
T	31.342776334	121.221436017	4.0						
T	31.342949398	121.221315237	4.3						
T	31.343131613	121.221189122	4.5						
T	31.343307076	121.221063670	4.6						
T	31.343376224	121.221013725	4.3						
T	31.343547172	121.220888569	3.4						
T	31.344097510	121.220480995	-1.5						
T	31.344285317	121.220348418	-0.8						
T	31.344368599	121.220291760	-0.3						
T	31.344411434	121.220260098	0.1						
T	31.344436886	121.220240106	0.5						
T	31.344457123	121.220222212	0.8						
T	31.344468075	121.220211170	1.0						
T	31.344479255	121.220197009	1.3						
T	31.344487178	121.220183896	1.5						
T	31.344494468	121.220170387	1.7						
T	31.344500757	121.220156176	1.9						
T	31.344505229	121.220144860	2.0						
T	31.344509354	121.220130473	2.2						
T	31.344513083	121.220114787	2.4						
T	31.344515829	121.220097917	2.7						
T	31.344517267	121.220081586	2.9						
T	31.344517561	121.220065266	3.1						
T	31.344516429	121.220052470	3.3						
T	31.344514770	121.220040980	3.4						
T	31.344511972	121.220027660	3.6						
T	31.344509423	121.220016829	3.8						
T	31.344504915	121.220003192	4.0						
T	31.344499652	121.219990199	4.0						
T	31.344494046	121.219976653	4.1						
T	31.344488464	121.219963620	4.1						
T	31.344482920	121.219952161	4.2						
T	31.344476522	121.219939671	4.2						
T	31.344469507	121.219926513	4.3						
T	31.344461761	121.219914049	4.3						
T	31.344450074	121.219895646	4.4						
T	31.344438035	121.219878712	4.4						
T	31.344421748	121.219856973	4.4						
T	31.344411701	121.219843855	4.3						
T	31.344398503	121.219827391	4.3						
T	31.344384599	121.219811270	4.2						
T	31.344370459	121.219795830	4.2						
T	31.344358668	121.219783812	4.2						
T	31.344345992	121.219772149	4.1						
T	31.344333931	121.219760721	4.1						
T	31.344322066	121.219749550	4.0						
T	31.344311345	121.219740380	4.0						
T	31.344298752	121.219730272	3.9						
T	31.344288572	121.219722321	3.9						
T	31.344272275	121.219709364	3.7						
T	31.344255462	121.219693150	3.5						
T	31.344241695	121.219680637	3.4						
T	31.344224814	121.219663262	3.2						
T	31.344201533	121.219638762	2.9						
T	31.344179403	121.219610407	2.7						
T	31.344156706	121.219578363	2.5						
T	31.344142059	121.219552175	2.4						
T	31.344130009	121.219522684	2.2						
T	31.344118802	121.219488935	2.1						
T	31.344112764	121.219453911	2.0						
T	31.344109828	121.219420753	1.9						
T	31.344110502	121.219391977	1.8						
T	31.344113902	121.219364243	1.7						
T	31.344120524	121.219335051	1.6						
T	31.344127451	121.219315392	1.5						
T	31.344139899	121.219287464	1.4						
T	31.344152256	121.219266515	1.4						
T	31.344168474	121.219240146	1.3						
T	31.344187993	121.219212283	1.2						
T	31.344204212	121.219191613	1.1						
T	31.344223782	121.219166749	1.0						
T	31.344247011	121.219141027	1.0						
T	31.344271903	121.219116394	1.1						
T	31.344292937	121.219096333	1.1						
T	31.344317623	121.219076281	1.2						
T	31.344340866	121.219058840	1.2						
T	31.344372498	121.219037967	1.3						
T	31.344397634	121.219022293	1.4						
T	31.344424912	121.219006479	1.5						
T	31.344458414	121.218989960	1.7						
T	31.344489033	121.218976848	1.8						
T	31.344522753	121.218964438	2.0						
T	31.344556098	121.218955141	2.2						
T	31.344592549	121.218945581	2.3						
T	31.344625998	121.218938526	2.5						
T	31.344665904	121.218933002	2.6						
T	31.344693533	121.218930999	2.7						
T	31.344725505	121.218930171	2.9						
T	31.344757906	121.218930186	2.9						
T	31.344786278	121.218932335	2.9						
T	31.344822419	121.218936132	2.9						
T	31.344846874	121.218940273	2.9						
T	31.344898977	121.218951413	2.9						
T	31.344955976	121.218970194	3.0						
T	31.345003499	121.218990404	3.0						
T	31.345042219	121.219011404	3.0						
T	31.345086332	121.219041302	3.0						
T	31.345129230	121.219075017	3.0						
T	31.345167735	121.219111316	3.0						
T	31.345199136	121.219143955	3.0						
T	31.345235176	121.219187334	3.1						
T	31.345271029	121.219238511	3.3						
T	31.345301583	121.219290947	3.4						
T	31.345326030	121.219341874	3.5						
T	31.345353127	121.219409152	3.6						
T	31.345370691	121.219470762	3.7						
T	31.345386149	121.219535333	3.7						
T	31.345398483	121.219597223	3.8						
T	31.345407514	121.219656266	3.9						
T	31.345413766	121.219696662	4.0						
T	31.345416593	121.219729578	4.0						
T	31.345418568	121.219790543	3.9						
T	31.345419141	121.219849468	3.8						
T	31.345416941	121.219917262	3.6						
T	31.345412432	121.219977598	3.5						
T	31.345405580	121.220030878	3.3						
T	31.345394489	121.220087526	3.1						
T	31.345381470	121.220139601	2.9						
T	31.345369334	121.220186160	2.7						
T	31.345355852	121.220232095	2.4						
T	31.345340620	121.220278078	2.2						
T	31.345324033	121.220321891	1.8						
T	31.345304772	121.220368851	1.4						
T	31.345291447	121.220398286	1.2						
T	31.345274191	121.220433978	0.9						
T	31.345255584	121.220468373	0.7						
T	31.345228502	121.220516831	0.4						
T	31.345195709	121.220568231	0.3						
T	31.345164310	121.220611174	0.5						
T	31.345132979	121.220653015	0.7						
T	31.345094023	121.220696693	1.0						
T	31.345052885	121.220739949	1.3						
T	31.345004059	121.220784597	1.8						
T	31.344954557	121.220827311	2.0						
T	31.344898442	121.220871379	2.0						
T	31.344817663	121.220935604	2.1						
T	31.344699865	121.221029913	2.7						
T	31.344585902	121.221123886	3.5						
T	31.344399121	121.221273120	4.6						
T	31.344251099	121.221390935	5.0						
T	31.344115408	121.221492999	4.6						
T	31.344048213	121.221541644	4.2						
T	31.343900438	121.221651506	3.1						
T	31.343709554	121.221793564	2.5						
T	31.343472666	121.221971978	1.9						
T	31.343262026	121.222135053	2.3						
T	31.342748977	121.222537242	4.0						
T	31.342305019	121.222875592	3.6						
T	31.342073953	121.223051009	3.0						
T	31.341940603	121.223152475	2.6						
T	31.341683001	121.223346612	0.2						
T	31.341549228	121.223451739	0.4						
T	31.341437922	121.223538400	0.7						
T	31.341208316	121.223725535	3.1						
T	31.341020189	121.223875415	4.9						
T	31.340878729	121.223983578	4.7						
T	31.340618422	121.224181407	3.3						
T	31.340405704	121.224349156	4.2						
T	31.340254334	121.224468628	5.0						
T	31.340099970	121.224586032	4.5						
T	31.339894222	121.224741571	3.7						
T	31.339678549	121.224908209	3.4						
T	31.339533011	121.225015293	2.7						
T	31.339374995	121.225133300	1.6						
T	31.339160012	121.225295636	1.1						
T	31.339036026	121.225392934	1.9						
T	31.338926931	121.225477708	2.6						
T	31.338661245	121.225689175	3.4						
T	31.338381117	121.225902034	3.0						
T	31.338065617	121.226148918	3.0						
T	31.337775116	121.226372854	3.0						
T	31.337478919	121.226593333	2.1						
T	31.337283828	121.226750365	3.6						
T	31.337017759	121.226962173	4.8						
T	31.336803759	121.227126807	4.0						
T	31.336473769	121.227371696	2.3						
T	31.336211742	121.227570380	1.9						
T	31.336070016	121.227682220	2.4						
T	31.336016891	121.227724262	2.7						
T	31.335986186	121.227748458	2.8						
T	31.335965274	121.227765157	2.9						
T	31.335947263	121.227779824	3.0						
T	31.335935128	121.227789578	3.0						
T	31.335926271	121.227796392	3.1						
T	31.335919716	121.227800885	3.1						
T	31.335913016	121.227804311	3.1						
T	31.335907237	121.227805780	3.1						
T	31.335900865	121.227805172	3.1						
T	31.335895749	121.227803713	3.1						
T	31.335891424	121.227801195	3.1						
T	31.335887674	121.227798097	3.1						
T	31.335883965	121.227792987	3.1						
T	31.335880743	121.227787568	3.0						
T	31.335878632	121.227781616	3.0						
T	31.335877633	121.227775130	3.0						
T	31.335877217	121.227769046	3.0						
T	31.335877328	121.227761720	2.9						
T	31.335878531	121.227754111	2.9						
T	31.335880121	121.227747599	2.9						
T	31.335882678	121.227739545	2.8						
T	31.335886761	121.227730212	2.8						
T	31.335892965	121.227717692	2.7						
T	31.335904763	121.227696537	2.6						
T	31.335915254	121.227675611	2.5						
T	31.335926029	121.227653715	2.4						
T	31.335938200	121.227629188	2.3						
T	31.335957434	121.227589603	2.0						
T	31.335978193	121.227547758	1.7						
T	31.336001472	121.227499202	1.4						
T	31.336029519	121.227442211	1.1						
T	31.336058382	121.227382970	0.8						
T	31.336087498	121.227323169	0.5						
T	31.336122114	121.227254448	0.2						
T	31.336157213	121.227185338	0.3						
T	31.336178988	121.227150031	0.5						
T	31.336198461	121.227122918	0.7						
T	31.336216692	121.227100547	0.8						
T	31.336236956	121.227079610	1.0						
T	31.336258294	121.227060339	1.1						
T	31.336283085	121.227038750	1.3						
T	31.336356377	121.226979161	1.8						
T	31.336544467	121.226824981	3.0						
T	31.336655917	121.226730913	3.7						
T	31.336766054	121.226638513	4.0						
T	31.336965440	121.226466337	3.3						
T	31.337104264	121.226345668	3.2						
T	31.337280960	121.226195033	3.6						
T	31.337436806	121.226066497	4.2						
T	31.337505400	121.226010474	4.4						
T	31.337565701	121.225960775	4.4						
T	31.337680530	121.225861591	4.3						
T	31.337812684	121.225745224	3.9						
T	31.337975334	121.225597965	3.3						
T	31.338092486	121.225495042	3.0						
T	31.338149262	121.225445370	3.0						
T	31.338174856	121.225422617	3.0						
T	31.338191442	121.225407398	3.0						
T	31.338207157	121.225393581	3.0						
T	31.338219646	121.225382013	3.0						
T	31.338230377	121.225371019	3.0						
T	31.338239385	121.225360343	3.0						
T	31.338250115	121.225344637	3.0						
T	31.338257570	121.225331221	3.0						
T	31.338264005	121.225319782	3.0						
T	31.338269952	121.225306069	3.0						
T	31.338275121	121.225290608	3.0						
T	31.338278884	121.225276795	3.0						
T	31.338281986	121.225260801	2.9						
T	31.338284760	121.225237462	2.8						
T	31.338285554	121.225226118	2.7						
T	31.338286189	121.225213653	2.6						
T	31.338286099	121.225203729	2.6						
T	31.338285299	121.225191390	2.5						
T	31.338283554	121.225171131	2.4						
T	31.338280323	121.225150667	2.3						
T	31.338277409	121.225130902	2.2						
T	31.338273813	121.225110118	2.1						
T	31.338271369	121.225086131	1.9						
T	31.338267907	121.225058516	1.8						
T	31.338263044	121.225028996	1.7						
T	31.338252570	121.224976177	1.7						
T	31.338234002	121.224885676	2.1						
T	31.338213282	121.224789419	2.6						
T	31.338175775	121.224603356	3.3						
T	31.338146034	121.224462057	3.7						
T	31.338115220	121.224312772	3.8						
T	31.338089695	121.224193321	3.9						
T	31.338080512	121.224153978	3.9						
T	31.338068274	121.224103754	3.7						
T	31.338028659	121.223905517	3.1						
T	31.337982891	121.223677869	3.0						
T	31.337933997	121.223444099	3.6						
T	31.337855233	121.223054469	3.7						
T	31.337828507	121.222925491	3.8						
T	31.337795877	121.222764665	3.9						
T	31.337779007	121.222676976	4.0						
T	31.337687748	121.222235572	5.3						
